UD002DT0001.2050;Ботинки женские;Белый;40;8059782340851;0;0;2;Stefanel
VH003DT0000.2050;Брелок;Белый;UN.;8059782676592;900;450;6;Stefanel
VH003DT0000.2750;Брелок;Голубой;UN.;8059782676608;900;360;5;Stefanel
HN010DT0000.2450;Браслет женский;Красный;UN.;8059782679647;0;0;9;Stefanel
Зонт Unit Standard;Зонт-трость белый;"""";UN.;4680259046903;0;0;9;Stefanel
Ambielectric Car;Комплект Ambielectric Car (для автомобиля) с ароматом Affair;"""";UN.;4606711701760;0;0;13;Stefanel
P016.OBSI;Кулон женский;"""";UN.;2000000050515;16 900;5 070;1;Marion Vidal
10553.Berring.Rosa;Сандалии женские;"""";40;2000000050836;12 900;3 870;1;Del Carlo
10553.Berring.Rosa;Сандалии женские;"""";37;2000000050805;12 900;3 870;2;Del Carlo
10534.Bohol.Nero;Слипоны женские;"""";38;2000000050881;15 900;4 770;1;Del Carlo
10514.Othos.Nero;Босоножки женские;"""";36;2000000051048;27 900;8 370;1;Del Carlo
10514.Othos.Nero;Босоножки женские;"""";40;2000000051086;27 900;8 370;2;Del Carlo
10514.Othos.Nero;Босоножки женские;"""";38;2000000051062;27 900;8 370;1;Del Carlo
10519.Sulu.Nero;Сандалии женские;"""";41;2000000051215;15 900;4 770;1;Del Carlo
10519.Sulu.Nero;Сандалии женские;"""";36;2000000051161;15 900;4 770;1;Del Carlo
10519.Sulu.Nero;Сандалии женские;"""";40;2000000051208;15 900;4 770;1;Del Carlo
10519.Sulu.Nero;Сандалии женские;"""";38;2000000051185;15 900;4 770;1;Del Carlo
10519.Sulu.Off white;Сандалии женские;"""";40;2000000051260;15 900;4 770;1;Del Carlo
10519.Sulu.Off white;Сандалии женские;"""";37;2000000051239;15 900;4 770;1;Del Carlo
10519.Sulu.Off white;Сандалии женские;"""";39;2000000051253;15 900;4 770;1;Del Carlo
10546.Flores.Sabbia;Босоножки женские;"""";39;2000000051314;29 900;8 970;1;Del Carlo
BS6145/18AI.CM-LMW.bro-sed;Сумка женская;"""";UN.;2000000065274;11 900;5 950;1;Gianni Chiarini
E413.PL.CR;Сережки женские;"""";UN.;2000000083582;19 900;5 970;1;Marion Vidal
H003.PL.PB;Брошь женская;"""";UN.;2000000083599;15 900;4 770;2;Marion Vidal
H003.PL.GB;Брошь женская;"""";UN.;2000000083605;15 900;4 770;1;Marion Vidal
H004.PL.BG;Брошь женская;"""";UN.;2000000083612;16 900;5 070;2;Marion Vidal
N182.CR.SE;Ожерелье женское;"""";UN.;2000000083629;23 900;7 170;1;Marion Vidal
N183.CR.GR;Ожерелье женское;"""";UN.;2000000083636;23 900;7 170;1;Marion Vidal
N183.CR.WA;Ожерелье женское;"""";UN.;2000000083643;23 900;7 170;1;Marion Vidal
N185.CR.SE;Ожерелье женское;"""";UN.;2000000083674;14 900;4 470;2;Marion Vidal
N401.PL.GB;Ожерелье женское;"""";UN.;2000000083681;23 900;7 170;1;Marion Vidal
N402.PL.GB;Ожерелье женское;"""";UN.;2000000083698;23 900;7 170;1;Marion Vidal
P405.CR.DG;Кулон женский;"""";UN.;2000000083759;10 900;3 270;2;Marion Vidal
BS6505.OLX.tor;Сумка женская;"""";UN.;2000000083926;17 900;8 950;1;Gianni Chiarini
PCPONPON/18AI.RAC.ara;Пон-пон из меха енота;"""";UN.;2000000083995;4 900;2 450;2;Gianni Chiarini
PCPONPON/18AI.RAC.nia;Пон-пон из меха енота;"""";UN.;2000000084008;4 900;3 430;2;Gianni Chiarini
PCPONPON/18AI.RAC.ver;Пон-пон из меха енота;"""";UN.;2000000084015;4 900;2 450;1;Gianni Chiarini
TRALFUR.GRIP.nia;Ручки из меха енота;"""";UN.;2000000084022;10 900;5 450;1;Gianni Chiarini
Y606GD71875.50;Юбка женская;Белый;50;8050567000663;9 900;4 950;1;Stefanel
Y606GD71875.50;Юбка женская;Белый;48;8050567000656;9 900;4 950;1;Stefanel
Y622PD71804.890;Брюки женские;Синий;36;8050567000885;9 900;4 950;2;Stefanel
Y622PD71804.890;Брюки женские;Синий;40;8050567000908;9 900;4 950;1;Stefanel
Y622PD71804.890;Брюки женские;Синий;42;8050567000915;9 900;4 950;1;Stefanel
Y622PD71804.890;Брюки женские;Синий;38;8050567000892;9 900;4 950;4;Stefanel
Y018SD73045.325;Бомбер женский;;L;8050567001882;14 900;10 430;1;Stefanel
Y018SD73045.325;Бомбер женский;;XS;8050567001851;14 900;10 430;1;Stefanel
Y018SD73045.325;Бомбер женский;;M;8050567001875;14 900;10 430;3;Stefanel
Y032CD71889.50;Блуза женская;Белый;L;8050567002544;6 900;3 450;2;Stefanel
Y032CD71889.50;Блуза женская;Белый;S;8050567002520;6 900;3 450;1;Stefanel
Y032CD71889.50;Блуза женская;Белый;XL;8050567002551;6 900;3 450;1;Stefanel
Y032CD71889.50;Блуза женская;Белый;M;8050567002537;6 900;3 450;1;Stefanel
Y032PD71995.754;Брюки женские;;36;8050567002568;9 900;4 950;1;Stefanel
Y032PD71995.754;Брюки женские;;40;8050567002582;9 900;4 950;2;Stefanel
Y032PD71995.754;Брюки женские;;42;8050567002599;9 900;4 950;1;Stefanel
Y032PD71995.754;Брюки женские;;38;8050567002575;9 900;4 950;2;Stefanel
Y032PD71995.754;Брюки женские;;46;8050567002612;9 900;4 950;1;Stefanel
Y032PD71995.754;Брюки женские;;48;8050567002629;9 900;4 950;1;Stefanel
Y663CD71889.50;Блуза женская;Белый;XS;8050567003176;9 900;4 950;1;Stefanel
Y663CD71889.50;Блуза женская;Белый;S;8050567003183;9 900;4 950;1;Stefanel
Y663CD71889.50;Блуза женская;Белый;M;8050567003190;9 900;4 950;2;Stefanel
Y019CD69617.2724;Блуза женская;;L;8050567003305;8 900;4 450;1;Stefanel
Y019CD69617.2724;Блуза женская;;XS;8050567003275;8 900;4 450;2;Stefanel
Y019CD69617.2724;Блуза женская;;S;8050567003282;8 900;4 450;1;Stefanel
Y019CD69617.2724;Блуза женская;;M;8050567003299;8 900;4 450;1;Stefanel
Y009VDF1287.209;Платье женское;;S;8050567004593;15 900;7 950;1;Stefanel
Y009VDF1287.209;Платье женское;;M;8050567004609;15 900;7 950;1;Stefanel
Y009VDF1287.325;Платье женское;;S;8050567004647;15 900;7 950;1;Stefanel
Y056VD71901.49;Платье женское;Белый;42;8050567005170;15 900;7 950;1;Stefanel
Y056VD71901.49;Платье женское;Белый;44;8050567005187;15 900;7 950;2;Stefanel
Y056VD71901.49;Платье женское;Белый;46;8050567005194;15 900;7 950;1;Stefanel
Y660LDF1295.890;Джемпер женский;Синий;L;8050567005484;8 900;4 450;1;Stefanel
Y660LDF1295.890;Джемпер женский;Синий;XS;2000000147123;8 900;4 450;2;Stefanel
Y660LDF1295.890;Джемпер женский;Синий;XS;8050567005453;8 900;4 450;2;Stefanel
Y660LDF1295.890;Джемпер женский;Синий;S;8050567005460;8 900;4 450;2;Stefanel
Y660LDF1295.890;Джемпер женский;Синий;M;8050567005477;8 900;4 450;2;Stefanel
Y041PD71901.49;Брюки женские;Белый;36;8050567006993;9 900;4 950;1;Stefanel
Y041PD71901.49;Брюки женские;Белый;40;8050567007013;9 900;4 950;1;Stefanel
Y041PD71901.49;Брюки женские;Белый;42;8050567007020;9 900;4 950;1;Stefanel
Y041PD71901.49;Брюки женские;Белый;44;2000000147239;9 900;4 950;1;Stefanel
Y041PD71901.49;Брюки женские;Белый;44;8050567007037;9 900;4 950;1;Stefanel
Y041PD71901.49;Брюки женские;Белый;38;2000000147246;9 900;4 950;2;Stefanel
Y041PD71901.49;Брюки женские;Белый;38;8050567007006;9 900;4 950;2;Stefanel
Y041PD71901.524;Брюки женские;;36;8050567007075;9 900;6 930;1;Stefanel
Y041PD71901.524;Брюки женские;;40;8050567007099;9 900;6 930;3;Stefanel
Y041PD71901.524;Брюки женские;;42;8050567007105;9 900;6 930;2;Stefanel
Y041PD71901.524;Брюки женские;;38;8050567007082;9 900;6 930;3;Stefanel
Y041PD71901.524;Брюки женские;;46;8050567007129;9 900;6 930;1;Stefanel
Y091LDF1296.2524;Джемпер женский;;M;8050567007174;9 900;6 930;1;Stefanel
Y043PD71889.325;Шорты женские;;36;8050567008027;8 900;4 450;1;Stefanel
Y043PD71889.325;Шорты женские;;40;8050567008041;8 900;4 450;2;Stefanel
Y060VDF1296.325;Комбинезон женский;;XS;8050567008102;17 900;8 950;2;Stefanel
Y060VDF1296.325;Комбинезон женский;;S;8050567008119;17 900;8 950;1;Stefanel
Y060VDF1296.325;Комбинезон женский;;XL;8050567008140;17 900;8 950;1;Stefanel
Y060VDF1296.325;Комбинезон женский;;M;8050567008126;17 900;8 950;1;Stefanel
Y033CD71901.49;Топ женский;Белый;L;8050567009031;8 900;4 450;3;Stefanel
Y033CD71901.49;Топ женский;Белый;XS;8050567009000;8 900;4 450;1;Stefanel
Y033CD71901.49;Топ женский;Белый;XL;8050567009048;8 900;4 450;1;Stefanel
Y033CD71901.49;Топ женский;Белый;M;8050567009024;8 900;4 450;2;Stefanel
Y074LDF1296.325;Топ женский;;L;2000000146966;8 900;4 450;1;Stefanel
Y074LDF1296.325;Топ женский;;L;8050567010037;8 900;4 450;1;Stefanel
Y074LDF1296.325;Топ женский;;XS;8050567010006;8 900;4 450;1;Stefanel
Y074LDF1296.325;Топ женский;;S;2000000146959;8 900;4 450;1;Stefanel
Y074LDF1296.325;Топ женский;;S;8050567010013;8 900;4 450;1;Stefanel
Y074LDF1296.524;Топ женский;;XS;8050567010105;8 900;4 450;2;Stefanel
Y074LDF1296.524;Топ женский;;S;8050567010112;8 900;4 450;1;Stefanel
Y074LDF1296.524;Топ женский;;XL;2000000146942;8 900;4 450;1;Stefanel
Y074LDF1296.524;Топ женский;;XL;8050567010143;8 900;4 450;1;Stefanel
Y074LDF1296.524;Топ женский;;M;8050567010129;8 900;4 450;1;Stefanel
Y026PDF1296.325;Брюки женские;;L;8050567010181;14 900;7 450;2;Stefanel
Y026PDF1296.325;Брюки женские;;XS;8050567010150;14 900;7 450;2;Stefanel
Y026PDF1296.325;Брюки женские;;S;8050567010167;14 900;7 450;2;Stefanel
Y026PDF1296.325;Брюки женские;;XL;8050567010198;14 900;7 450;1;Stefanel
Y026PDF1296.325;Брюки женские;;M;2000000147147;14 900;7 450;1;Stefanel
Y026PDF1296.325;Брюки женские;;M;8050567010174;14 900;7 450;1;Stefanel
Y026PDF1296.524;Брюки женские;;L;8050567010235;14 900;7 450;1;Stefanel
Y026PDF1296.524;Брюки женские;;XS;8050567010204;14 900;7 450;2;Stefanel
Y026PDF1296.524;Брюки женские;;S;8050567010211;14 900;7 450;3;Stefanel
Y026PDF1296.524;Брюки женские;;M;8050567010228;14 900;7 450;2;Stefanel
Y014VDF1287.2890;Платье женское;Синий;L;8050567010501;15 900;7 950;1;Stefanel
Y014VDF1287.2890;Платье женское;Синий;XS;8050567010471;15 900;7 950;1;Stefanel
Y014VDF1287.2890;Платье женское;Синий;S;8050567010488;15 900;7 950;2;Stefanel
Y014VDF1287.2890;Платье женское;Синий;XL;8050567010518;15 900;7 950;1;Stefanel
Y014VDF1287.2890;Платье женское;Синий;M;8050567010495;15 900;7 950;1;Stefanel
Y025PDF1295.2890;Брюки женские;Синий;XS;8050567010624;12 900;6 450;2;Stefanel
Y025PDF1295.2890;Брюки женские;Синий;XL;8050567010662;12 900;6 450;1;Stefanel
Y001NDT0000.2325;Ожерелье женское;Серый;UN.;8050567011508;6 900;3 450;3;Stefanel
Y006NDT0000.2325;Ожерелье женское;Серый;UN.;8050567011669;8 900;4 450;3;Stefanel
Y006NDT0000.2900;Ожерелье женское;Черный;UN.;8050567011676;8 900;4 450;3;Stefanel
Y007NDT0000.2049;Ожерелье женское;Белый;UN.;8050567011683;6 900;3 450;4;Stefanel
Y007NDT0000.2439;Ожерелье женское;;UN.;8050567011706;6 900;3 450;5;Stefanel
Y008NDT0000.444;Ожерелье женское;;UN.;8050567011744;5 900;2 950;1;Stefanel
Y008NDT0000.890;Ожерелье женское;Синий;UN.;8050567011751;5 900;2 950;1;Stefanel
Y014TD65656.50;Футболка женская;Белый;S;8050567012833;6 900;4 830;2;Stefanel
Y014TD65656.50;Футболка женская;Белый;XL;8050567012864;6 900;4 830;1;Stefanel
Y024VDF1295.2890;Платье женское;Синий;XS;8050567012925;14 900;7 450;1;Stefanel
Y062LDF1295.50;Джемпер женский;Белый;XL;8050567013267;9 900;4 950;1;Stefanel
Y062LDF1295.50;Джемпер женский;Белый;M;8050567013243;9 900;4 950;1;Stefanel
Y095LDF1295.209;Джемпер женский;;L;8050567014851;8 900;6 230;1;Stefanel
Y095LDF1295.209;Джемпер женский;;S;8050567014837;8 900;6 230;2;Stefanel
Y095LDF1295.209;Джемпер женский;;M;8050567014844;8 900;6 230;1;Stefanel
Y095LDF1295.724;Джемпер женский;;S;8050567014882;8 900;4 450;1;Stefanel
Y087LDF1296.50;Кардиган женский;Белый;XS;8050567015094;12 900;6 450;1;Stefanel
Y087LDF1296.50;Кардиган женский;Белый;S;8050567015100;12 900;6 450;2;Stefanel
Y087LDF1296.50;Кардиган женский;Белый;XL;8050567015131;12 900;6 450;1;Stefanel
Y087LDF1296.50;Кардиган женский;Белый;M;8050567015117;12 900;6 450;1;Stefanel
Y087LDF1296.439;Кардиган женский;;L;8050567015179;12 900;6 450;2;Stefanel
Y087LDF1296.439;Кардиган женский;;XS;8050567015148;12 900;6 450;1;Stefanel
Y087LDF1296.439;Кардиган женский;;S;8050567015155;12 900;6 450;3;Stefanel
Y087LDF1296.439;Кардиган женский;;M;8050567015162;12 900;6 450;2;Stefanel
Y023VDF1295.2890;Платье женское;Синий;L;8050567015391;13 900;6 950;2;Stefanel
Y023VDF1295.2890;Платье женское;Синий;XS;8050567015360;13 900;6 950;3;Stefanel
Y023VDF1295.2890;Платье женское;Синий;S;8050567015377;13 900;6 950;2;Stefanel
Y023VDF1295.2890;Платье женское;Синий;XL;8050567015407;13 900;6 950;1;Stefanel
Y023VDF1295.2890;Платье женское;Синий;M;8050567015384;13 900;6 950;2;Stefanel
Y036VDF1296.50;Платье женское;Белый;S;8050567015476;16 900;8 450;1;Stefanel
Y036VDF1296.900;Платье женское;Черный;XS;8050567015513;16 900;8 450;1;Stefanel
Y009EDT0000.2221;Шарф женский;;UN.;8050567015971;8 900;4 450;2;Stefanel
Y011EDT0000.49;Шарф женский;Белый;UN.;8050567015995;8 900;4 450;1;Stefanel
Y011EDT0000.439;Шарф женский;;UN.;8050567016022;8 900;4 450;2;Stefanel
Y014EDT0000.2439;Шарф женский;;UN.;8050567018019;7 900;3 950;3;Stefanel
Y020EDT0000.2444;Шарф женский;;UN.;8050567018194;5 900;2 950;4;Stefanel
Y020EDT0000.2724;Шарф женский;;UN.;8050567018200;5 900;2 950;3;Stefanel
Y022EDT0000.49;Шарф женский;Белый;UN.;8050567018248;4 900;2 450;6;Stefanel
Y022EDT0000.209;Шарф женский;;UN.;8050567018255;4 900;2 450;1;Stefanel
Y022EDT0000.439;Шарф женский;;UN.;8050567018262;4 900;2 450;3;Stefanel
Y018VD73010.890;Платье женское;Синий;36;8050567018583;22 900;11 450;1;Stefanel
Y615TD65655.50;Топ женский;Белый;L;8050567019757;2 900;1 450;1;Stefanel
Y615TD65655.50;Топ женский;Белый;S;2000000146997;2 900;1 450;2;Stefanel
Y615TD65655.50;Топ женский;Белый;S;8050567019733;2 900;1 450;2;Stefanel
Y615TD65655.50;Топ женский;Белый;M;8050567019740;2 900;1 450;2;Stefanel
Y658TD65358.50;Футболка женская;Белый;L;8050567019801;3 900;2 730;1;Stefanel
Y618TD65655.50;Футболка женская;Белый;XL;8050567019863;5 900;4 130;1;Stefanel
Y601CD73010.49;Блуза женская;Белый;L;2000000147291;12 900;6 450;1;Stefanel
Y601CD73010.49;Блуза женская;Белый;L;8050567019900;12 900;6 450;1;Stefanel
Y601CD73010.49;Блуза женская;Белый;XL;8050567019917;12 900;6 450;1;Stefanel
Y601CD73010.49;Блуза женская;Белый;M;2000000147307;12 900;6 450;1;Stefanel
Y601CD73010.49;Блуза женская;Белый;M;8050567019894;12 900;6 450;1;Stefanel
Y655PD73010.444;Брюки женские;;36;8050567021361;17 900;8 950;1;Stefanel
Y655PD73010.444;Брюки женские;;40;8050567021385;17 900;8 950;2;Stefanel
Y655PD73010.444;Брюки женские;;42;8050567021392;17 900;8 950;2;Stefanel
Y655PD73010.444;Брюки женские;;44;8050567021408;17 900;8 950;1;Stefanel
Y655PD73010.444;Брюки женские;;38;8050567021378;17 900;8 950;1;Stefanel
Y655PD73010.444;Брюки женские;;48;8050567021422;17 900;8 950;1;Stefanel
Y029VD56622.3403;Платье женское;;L;8050567021606;15 900;7 950;2;Stefanel
Y029VD56622.3403;Платье женское;;XL;8050567021613;15 900;7 950;1;Stefanel
Y029VD56622.3403;Платье женское;;M;8050567021590;15 900;7 950;1;Stefanel
Y029VD56622.3724;Платье женское;;XS;8050567021620;15 900;7 950;1;Stefanel
Y029VD56622.3724;Платье женское;;S;8050567021637;15 900;7 950;1;Stefanel
Y029VD56622.3724;Платье женское;;XL;8050567021668;15 900;7 950;1;Stefanel
Y065VDF1295.724;Платье женское;;L;8050567021859;11 900;5 950;1;Stefanel
Y065VDF1295.724;Платье женское;;S;8050567021835;11 900;5 950;1;Stefanel
Y065VDF1295.724;Платье женское;;XL;8050567021866;11 900;5 950;1;Stefanel
Y065VDF1295.724;Платье женское;;M;8050567021842;11 900;5 950;3;Stefanel
Y066VDF1295.890;Платье женское;Синий;XS;8050567021873;9 900;6 930;1;Stefanel
Y066VDF1295.890;Платье женское;Синий;S;8050567021880;9 900;6 930;1;Stefanel
Y067VDF1295.890;Платье женское;Синий;XS;8050567021927;11 900;5 950;2;Stefanel
Y680PD73010.890;Брюки женские;Синий;46;8050567023945;20 900;10 450;1;Stefanel
Y680PD73010.890;Брюки женские;Синий;48;8050567023952;20 900;10 450;1;Stefanel
Y027TD65656.50;Футболка женская;Белый;XS;2000000144399;5 900;2 950;1;Stefanel
Y027TD65656.50;Футболка женская;Белый;XS;8050567025215;5 900;2 950;1;Stefanel
Y027TD65656.50;Футболка женская;Белый;S;2000000144054;5 900;2 950;2;Stefanel
Y027TD65656.50;Футболка женская;Белый;S;2000000147024;5 900;2 950;2;Stefanel
Y027TD65656.50;Футболка женская;Белый;S;8050567025222;5 900;2 950;2;Stefanel
Y027TD65656.50;Футболка женская;Белый;XL;2000000144061;5 900;2 950;1;Stefanel
Y027TD65656.50;Футболка женская;Белый;XL;8050567025253;5 900;2 950;1;Stefanel
Y027TD65656.50;Футболка женская;Белый;M;2000000144047;5 900;2 950;1;Stefanel
Y027TD65656.50;Футболка женская;Белый;M;8050567025239;5 900;2 950;1;Stefanel
Y035VDF1296.2439;Платье женское;;L;8050567025390;26 900;13 450;1;Stefanel
Y035VDF1296.2439;Платье женское;;XL;8050567025406;26 900;13 450;1;Stefanel
Y035VDF1296.2439;Платье женское;;M;8050567025383;26 900;13 450;1;Stefanel
Y070LDF1296.2439;Топ женский;;L;8050567025444;16 900;8 450;2;Stefanel
Y070LDF1296.2439;Топ женский;;XL;8050567025451;16 900;8 450;1;Stefanel
Y070LDF1296.2439;Топ женский;;M;8050567025437;16 900;8 450;2;Stefanel
Y069LDF1296.2439;Джемпер женский;;L;8050567025543;20 900;10 450;1;Stefanel
Y069LDF1296.2439;Джемпер женский;;XS;8050567025512;20 900;10 450;1;Stefanel
Y069LDF1296.2439;Джемпер женский;;S;8050567025529;20 900;10 450;1;Stefanel
Y069LDF1296.2439;Джемпер женский;;M;8050567025536;20 900;10 450;2;Stefanel
Y006SD62048.672;Пальто женское;Зеленый;XL;8050567026182;23 900;11 950;1;Stefanel
Y006SD62048.672;Пальто женское;Зеленый;M;8050567026168;23 900;11 950;1;Stefanel
Y002CD73040.49;Блуза женская;Белый;L;8050567026601;11 900;5 950;1;Stefanel
Y002CD73040.49;Блуза женская;Белый;XS;8050567026571;11 900;5 950;1;Stefanel
Y002CD73040.49;Блуза женская;Белый;S;8050567026588;11 900;5 950;2;Stefanel
Y002CD73040.49;Блуза женская;Белый;XL;8050567026618;11 900;5 950;1;Stefanel
Y002GD73038.672;Юбка женская;Зеленый;44;8050567026717;12 900;6 450;2;Stefanel
Y002GD73038.672;Юбка женская;Зеленый;46;8050567026724;12 900;6 450;1;Stefanel
Y002GD73038.888;Юбка женская;Синий;36;8050567026755;12 900;6 450;1;Stefanel
Y002GD73038.888;Юбка женская;Синий;40;8050567026779;12 900;6 450;1;Stefanel
Y002GD73038.888;Юбка женская;Синий;38;8050567026762;12 900;6 450;1;Stefanel
Y002GD73038.888;Юбка женская;Синий;46;8050567026809;12 900;6 450;1;Stefanel
Y013CD73040.713;Блуза женская;;XS;8050567027561;8 900;4 450;1;Stefanel
Y013CD73040.713;Блуза женская;;S;2000000147253;8 900;4 450;1;Stefanel
Y013CD73040.713;Блуза женская;;S;8050567027578;8 900;4 450;1;Stefanel
Y615TD65655.325;Топ женский;;L;8050567027646;2 900;2 030;2;Stefanel
Y615TD65655.325;Топ женский;;XS;8050567027615;2 900;2 030;1;Stefanel
Y615TD65655.325;Топ женский;;S;8050567027622;2 900;2 030;1;Stefanel
Y615TD65655.325;Топ женский;;XL;8050567027653;2 900;2 030;1;Stefanel
Y615TD65655.325;Топ женский;;M;8050567027639;2 900;2 030;2;Stefanel
Y658TD65358.890;Футболка женская;Синий;L;8050567027943;3 900;2 730;1;Stefanel
Y658TD65358.890;Футболка женская;Синий;XS;8050567027912;3 900;2 730;2;Stefanel
Y658TD65358.890;Футболка женская;Синий;S;8050567027929;3 900;2 730;2;Stefanel
Y658TD65358.890;Футболка женская;Синий;M;8050567027936;3 900;2 730;1;Stefanel
Y006TD65750.49;Футболка женская;Белый;L;8050567028308;6 900;3 450;2;Stefanel
Y006TD65750.49;Футболка женская;Белый;XL;8050567028315;6 900;3 450;1;Stefanel
Y006TD65750.49;Футболка женская;Белый;M;8050567028292;6 900;3 450;2;Stefanel
Y012PD69611.2325;Брюки женские;Серый;36;8050567029220;11 900;5 950;2;Stefanel
Y012PD69611.2325;Брюки женские;Серый;40;8050567029244;11 900;5 950;3;Stefanel
Y012PD69611.2325;Брюки женские;Серый;42;8050567029251;11 900;5 950;1;Stefanel
Y012PD69611.2325;Брюки женские;Серый;44;8050567029268;11 900;5 950;2;Stefanel
Y012PD69611.2325;Брюки женские;Серый;38;8050567029237;11 900;5 950;2;Stefanel
Y012PD69611.2325;Брюки женские;Серый;46;8050567029275;11 900;5 950;2;Stefanel
Y012PD69611.2325;Брюки женские;Серый;48;8050567029282;11 900;5 950;1;Stefanel
Y016PD69611.2890;Брюки женские;Синий;36;8050567029954;9 900;4 950;1;Stefanel
Y016PD69611.2890;Брюки женские;Синий;40;8050567029978;9 900;4 950;1;Stefanel
Y016PD69611.2890;Брюки женские;Синий;42;8050567029985;9 900;4 950;1;Stefanel
Y016PD69611.2890;Брюки женские;Синий;38;8050567029961;9 900;4 950;2;Stefanel
Y606GD71875.444;Юбка женская;;50;8050567030707;9 900;4 950;1;Stefanel
Y606GD71875.444;Юбка женская;;40;8050567030653;9 900;4 950;1;Stefanel
Y606GD71875.444;Юбка женская;;44;8050567030677;9 900;4 950;1;Stefanel
Y606GD71875.444;Юбка женская;;38;8050567030646;9 900;4 950;1;Stefanel
Y606GD71875.444;Юбка женская;;48;8050567030691;9 900;4 950;1;Stefanel
Y009PD71875.325;Брюки женские;;40;8050567031438;11 900;5 950;2;Stefanel
Y009PD71875.325;Брюки женские;;44;8050567031452;11 900;5 950;2;Stefanel
Y009PD71875.325;Брюки женские;;46;8050567031469;11 900;5 950;1;Stefanel
Y009PD71875.444;Брюки женские;;36;8050567031490;11 900;5 950;1;Stefanel
Y009PD71875.444;Брюки женские;;40;8050567031513;11 900;5 950;2;Stefanel
Y009PD71875.444;Брюки женские;;42;8050567031520;11 900;5 950;1;Stefanel
Y009PD71875.444;Брюки женские;;38;8050567031506;11 900;5 950;1;Stefanel
Y009PD71875.444;Брюки женские;;46;8050567031544;11 900;5 950;1;Stefanel
Y009PD71875.444;Брюки женские;;48;8050567031551;11 900;5 950;1;Stefanel
Y604UD71875.325;Жакет женский;;40;8050567031674;17 900;8 950;1;Stefanel
Y604UD71875.325;Жакет женский;;38;8050567031667;17 900;8 950;1;Stefanel
Y604UD71875.444;Жакет женский;;36;8050567031735;17 900;8 950;1;Stefanel
Y604UD71875.444;Жакет женский;;40;8050567031759;17 900;8 950;1;Stefanel
Y604UD71875.444;Жакет женский;;44;8050567031773;17 900;8 950;1;Stefanel
Y604UD71875.444;Жакет женский;;46;8050567031780;17 900;8 950;1;Stefanel
Y604UD71875.890;Жакет женский;Синий;42;8050567031841;17 900;8 950;2;Stefanel
Y604UD71875.890;Жакет женский;Синий;44;8050567031858;17 900;8 950;1;Stefanel
Y604UD71875.890;Жакет женский;Синий;46;8050567031865;17 900;8 950;1;Stefanel
Y604UD71875.890;Жакет женский;Синий;46;Y604UD71875.890;17 900;8 950;1;Stefanel
Y612PD71875.444;Брюки женские;;36;8050567032138;9 900;4 950;1;Stefanel
Y612PD71875.444;Брюки женские;;40;8050567032152;9 900;4 950;1;Stefanel
Y612PD71875.444;Брюки женские;;46;8050567032183;9 900;4 950;1;Stefanel
Y601CD73010.444;Блуза женская;;L;8050567033562;12 900;6 450;1;Stefanel
Y601CD73010.444;Блуза женская;;XS;2000000147260;12 900;6 450;2;Stefanel
Y601CD73010.444;Блуза женская;;XS;8050567033531;12 900;6 450;2;Stefanel
Y601CD73010.444;Блуза женская;;S;8050567033548;12 900;6 450;3;Stefanel
Y601CD73010.444;Блуза женская;;M;2000000147277;12 900;6 450;1;Stefanel
Y601CD73010.444;Блуза женская;;M;8050567033555;12 900;6 450;1;Stefanel
Y602CD73010.444;Блуза женская;;L;8050567033661;15 900;7 950;1;Stefanel
Y602CD73010.444;Блуза женская;;XS;8050567033630;15 900;7 950;1;Stefanel
Y602CD73010.444;Блуза женская;;S;8050567033647;15 900;7 950;2;Stefanel
Y602CD73010.444;Блуза женская;;XL;8050567033678;15 900;7 950;1;Stefanel
Y602CD73010.444;Блуза женская;;M;8050567033654;15 900;7 950;1;Stefanel
Y006CD73042.403;Блуза женская;;L;8050567034026;8 900;6 230;1;Stefanel
Y006CD73042.403;Блуза женская;;S;8050567034002;8 900;6 230;2;Stefanel
Y006CD73042.403;Блуза женская;;XL;8050567034033;8 900;6 230;1;Stefanel
Y006CD73042.403;Блуза женская;;M;8050567034019;8 900;6 230;1;Stefanel
Y016VD73042.900;Платье женское;Черный;36;8050567034125;14 900;7 450;1;Stefanel
Y016VD73042.900;Платье женское;Черный;38;8050567034132;14 900;7 450;2;Stefanel
Y016VD73042.900;Платье женское;Черный;48;8050567034187;14 900;7 450;1;Stefanel
Y002QDF1275.888;Трикотажное пальто женское;Синий;XS;8050567035344;27 900;13 950;1;Stefanel
Y003QDF1275.325;Трикотажное пальто женское;;XL;8050567035481;27 900;13 950;1;Stefanel
Y018SD73045.890;Бомбер женский;Синий;L;8050567036129;14 900;7 450;2;Stefanel
Y018SD73045.890;Бомбер женский;Синий;XS;8050567036099;14 900;7 450;1;Stefanel
Y018SD73045.890;Бомбер женский;Синий;XL;8050567036136;14 900;7 450;1;Stefanel
Y018SD73045.890;Бомбер женский;Синий;M;8050567036112;14 900;7 450;2;Stefanel
Y028LDF1287.49;Джемпер женский;Белый;L;8050567036419;9 900;4 950;1;Stefanel
Y028LDF1287.49;Джемпер женский;Белый;XL;8050567036426;9 900;4 950;1;Stefanel
Y029LDF1287.49;Джемпер женский;Белый;L;8050567036617;11 900;5 950;1;Stefanel
Y029LDF1287.49;Джемпер женский;Белый;S;8050567036594;11 900;5 950;1;Stefanel
Y029LDF1287.49;Джемпер женский;Белый;XL;8050567036624;11 900;5 950;1;Stefanel
Y029LDF1287.49;Джемпер женский;Белый;M;8050567036600;11 900;5 950;2;Stefanel
Y029LDF1287.444;Джемпер женский;;L;8050567036662;11 900;5 950;2;Stefanel
Y029LDF1287.444;Джемпер женский;;S;8050567036648;11 900;5 950;3;Stefanel
Y029LDF1287.444;Джемпер женский;;XL;8050567036679;11 900;5 950;1;Stefanel
Y029LDF1287.444;Джемпер женский;;M;8050567036655;11 900;5 950;2;Stefanel
Y605LDF1287.403;Топ женский;;L;8050567036945;7 900;3 950;3;Stefanel
Y605LDF1287.403;Топ женский;;XL;8050567036952;7 900;3 950;1;Stefanel
Y605LDF1287.444;Топ женский;;L;8050567036990;7 900;3 950;2;Stefanel
Y605LDF1287.444;Топ женский;;XS;8050567036969;7 900;3 950;1;Stefanel
Y605LDF1287.444;Топ женский;;S;8050567036976;7 900;3 950;1;Stefanel
Y605LDF1287.444;Топ женский;;XL;8050567037003;7 900;3 950;1;Stefanel
Y605LDF1287.444;Топ женский;;M;8050567036983;7 900;3 950;2;Stefanel
Y605LDF1287.888;Топ женский;Синий;L;8050567037096;7 900;3 950;2;Stefanel
Y605LDF1287.888;Топ женский;Синий;S;8050567037072;7 900;3 950;1;Stefanel
Y605LDF1287.888;Топ женский;Синий;XL;8050567037102;7 900;3 950;1;Stefanel
Y006QDF0785.2444;Трикотажное пальто женское;;XS;2000000144030;30 900;15 450;1;Stefanel
Y006QDF0785.2444;Трикотажное пальто женское;;XS;8050567039489;30 900;15 450;1;Stefanel
Y006QDF0785.2444;Трикотажное пальто женское;;XL;2000000144023;30 900;15 450;1;Stefanel
Y006QDF0785.2444;Трикотажное пальто женское;;XL;2000000144375;30 900;15 450;1;Stefanel
Y006QDF0785.2444;Трикотажное пальто женское;;XL;8050567039526;30 900;15 450;1;Stefanel
Y012LDF1651.2713;Кардиган женский;;L;8050567040430;26 900;13 450;2;Stefanel
Y012LDF1651.2713;Кардиган женский;;XS;8050567040409;26 900;13 450;1;Stefanel
Y012LDF1651.2713;Кардиган женский;;S;8050567040416;26 900;13 450;2;Stefanel
Y012LDF1651.2713;Кардиган женский;;XL;8050567040447;26 900;13 450;1;Stefanel
Y012LDF1651.2713;Кардиган женский;;M;8050567040423;26 900;13 450;2;Stefanel
Y014GD73049.707;Юбка женская;;36;8050567041123;11 900;5 950;1;Stefanel
Y014GD73049.707;Юбка женская;;40;8050567041147;11 900;5 950;1;Stefanel
Y014GD73049.707;Юбка женская;;38;8050567041130;11 900;5 950;1;Stefanel
Y014GD73049.707;Юбка женская;;46;8050567041178;11 900;5 950;1;Stefanel
Y014GD73049.707;Юбка женская;;48;8050567041185;11 900;5 950;1;Stefanel
Y032PD71995.50;Брюки женские;Белый;50;8050567041888;9 900;4 950;1;Stefanel
Y032PD71995.50;Брюки женские;Белый;40;8050567041833;9 900;4 950;2;Stefanel
Y032PD71995.50;Брюки женские;Белый;42;8050567041840;9 900;4 950;2;Stefanel
Y032PD71995.50;Брюки женские;Белый;44;8050567041857;9 900;4 950;1;Stefanel
Y032PD71995.50;Брюки женские;Белый;38;8050567041826;9 900;4 950;1;Stefanel
Y032PD71995.50;Брюки женские;Белый;48;8050567041871;9 900;4 950;1;Stefanel
Y032PD71995.439;Брюки женские;;50;8050567041963;9 900;4 950;1;Stefanel
Y032PD71995.439;Брюки женские;;40;8050567041918;9 900;4 950;2;Stefanel
Y032PD71995.439;Брюки женские;;42;8050567041925;9 900;4 950;2;Stefanel
Y032PD71995.439;Брюки женские;;44;8050567041932;9 900;4 950;1;Stefanel
Y032PD71995.439;Брюки женские;;46;8050567041949;9 900;4 950;1;Stefanel
Y032PD71995.439;Брюки женские;;48;8050567041956;9 900;4 950;1;Stefanel
Y039LDF1651.2890;Свитер женский;Синий;L;8050567042694;12 900;6 450;2;Stefanel
Y039LDF1651.2890;Свитер женский;Синий;XS;8050567042663;12 900;6 450;2;Stefanel
Y039LDF1651.2890;Свитер женский;Синий;S;8050567042670;12 900;6 450;3;Stefanel
Y039LDF1651.2890;Свитер женский;Синий;XL;8050567042700;12 900;6 450;1;Stefanel
Y039LDF1651.2890;Свитер женский;Синий;M;8050567042687;12 900;6 450;2;Stefanel
Y041VD73047.890;Платье женское;Синий;36;8050567042816;15 900;7 950;1;Stefanel
Y041VD73047.890;Платье женское;Синий;40;8050567042830;15 900;7 950;2;Stefanel
Y041VD73047.890;Платье женское;Синий;38;8050567042823;15 900;7 950;3;Stefanel
Y041VD73047.890;Платье женское;Синий;46;8050567042861;15 900;7 950;1;Stefanel
Y046LDF1667.50;Джемпер женский;Белый;L;8050567045602;8 900;4 450;1;Stefanel
Y046LDF1667.50;Джемпер женский;Белый;XS;8050567045572;8 900;4 450;1;Stefanel
Y046LDF1667.50;Джемпер женский;Белый;S;8050567045589;8 900;4 450;1;Stefanel
Y046LDF1667.50;Джемпер женский;Белый;XL;8050567045619;8 900;4 450;1;Stefanel
Y046LDF1667.50;Джемпер женский;Белый;M;8050567045596;8 900;4 450;2;Stefanel
Y046LDF1667.724;Джемпер женский;;L;8050567045756;8 900;4 450;1;Stefanel
Y046LDF1667.724;Джемпер женский;;XS;8050567045725;8 900;4 450;1;Stefanel
Y046LDF1667.724;Джемпер женский;;S;8050567045732;8 900;4 450;1;Stefanel
Y046LDF1667.724;Джемпер женский;;XL;8050567045763;8 900;4 450;1;Stefanel
Y004GDF1287.325;Юбка женская;;XS;8050567047477;13 900;6 950;1;Stefanel
Y008LDF1287.209;Джемпер женский;;XS;8050567047835;9 900;4 950;1;Stefanel
Y009LDF1287.209;Топ женский;;L;8050567048160;8 900;6 230;1;Stefanel
Y009LDF1287.209;Топ женский;;XS;8050567048139;8 900;6 230;1;Stefanel
Y009LDF1287.209;Топ женский;;S;8050567048146;8 900;6 230;2;Stefanel
Y022LDF1287.2890;Свитер женский;Синий;L;8050567049167;12 900;6 450;2;Stefanel
Y022LDF1287.2890;Свитер женский;Синий;XS;8050567049136;12 900;6 450;2;Stefanel
Y022LDF1287.2890;Свитер женский;Синий;S;8050567049143;12 900;6 450;3;Stefanel
Y022LDF1287.2890;Свитер женский;Синий;XL;8050567049174;12 900;6 450;1;Stefanel
Y022LDF1287.2890;Свитер женский;Синий;M;8050567049150;12 900;6 450;1;Stefanel
Y032CD71889.325;Блуза женская;;L;8050567049211;6 900;3 450;2;Stefanel
Y033CD71901.524;Топ женский;;L;8050567049310;8 900;4 450;1;Stefanel
Y033CD71901.524;Топ женский;;M;8050567049303;8 900;4 450;1;Stefanel
Y033CD71901.888;Топ женский;Синий;L;8050567049365;8 900;6 230;1;Stefanel
Y033CD71901.888;Топ женский;Синий;XS;8050567049334;8 900;6 230;1;Stefanel
Y033CD71901.888;Топ женский;Синий;XL;8050567049372;8 900;6 230;1;Stefanel
Y033CD71901.888;Топ женский;Синий;M;8050567049358;8 900;6 230;1;Stefanel
Y041PD71901.888;Брюки женские;Синий;36;8050567049488;9 900;6 930;2;Stefanel
Y041PD71901.888;Брюки женские;Синий;40;8050567049501;9 900;6 930;2;Stefanel
Y041PD71901.888;Брюки женские;Синий;42;8050567049518;9 900;6 930;1;Stefanel
Y055VD71901.49;Платье женское;Белый;L;8050567049839;13 900;6 950;1;Stefanel
Y055VD71901.49;Платье женское;Белый;XS;8050567049808;13 900;6 950;2;Stefanel
Y055VD71901.49;Платье женское;Белый;S;8050567049815;13 900;6 950;2;Stefanel
Y055VD71901.49;Платье женское;Белый;M;8050567049822;13 900;6 950;1;Stefanel
Y096LDF1287.2890;Джемпер женский;Синий;XS;8050567050408;9 900;4 950;1;Stefanel
Y096LDF1287.2890;Джемпер женский;Синий;S;8050567050415;9 900;4 950;2;Stefanel
Y096LDF1287.2890;Джемпер женский;Синий;XL;8050567050446;9 900;4 950;1;Stefanel
Y096LDF1287.2890;Джемпер женский;Синий;M;8050567050422;9 900;4 950;3;Stefanel
Y009VDF1287.890;Платье женское;Синий;M;8050567050774;15 900;7 950;1;Stefanel
Y018LDF1295.2890;Джемпер женский;Синий;L;8050567051085;12 900;6 450;1;Stefanel
Y074LDF1296.50;Топ женский;Белый;L;8050567052082;8 900;4 450;1;Stefanel
Y074LDF1296.50;Топ женский;Белый;XS;8050567052051;8 900;4 450;1;Stefanel
Y074LDF1296.50;Топ женский;Белый;S;8050567052068;8 900;4 450;3;Stefanel
Y036VDF1296.325;Платье женское;;XS;8050567052501;16 900;8 450;1;Stefanel
Y065VDF1295.325;Платье женское;;L;8050567053089;11 900;5 950;1;Stefanel
Y065VDF1295.325;Платье женское;;XS;8050567053058;11 900;5 950;1;Stefanel
Y065VDF1295.325;Платье женское;;S;8050567053065;11 900;5 950;4;Stefanel
Y065VDF1295.325;Платье женское;;XL;8050567053096;11 900;5 950;1;Stefanel
Y065VDF1295.325;Платье женское;;M;8050567053072;11 900;5 950;1;Stefanel
Y639PDF1295.325;Брюки женские;;S;8050567054215;9 900;6 930;1;Stefanel
Y660LDF1295.209;Джемпер женский;;L;8050567054338;8 900;6 230;1;Stefanel
Y660LDF1295.209;Джемпер женский;;XS;8050567054307;8 900;6 230;1;Stefanel
Y660LDF1295.209;Джемпер женский;;XL;8050567054345;8 900;6 230;1;Stefanel
Y660LDF1295.209;Джемпер женский;;M;8050567054321;8 900;6 230;1;Stefanel
Y066VDF1295.209;Платье женское;;L;8050567055038;9 900;4 950;2;Stefanel
Y066VDF1295.209;Платье женское;;XS;8050567055007;9 900;4 950;1;Stefanel
Y066VDF1295.209;Платье женское;;XL;8050567055045;9 900;4 950;1;Stefanel
Y066VDF1295.209;Платье женское;;M;8050567055021;9 900;4 950;1;Stefanel
Y066VDF1295.325;Платье женское;;L;8050567055083;9 900;6 930;1;Stefanel
Y066VDF1295.325;Платье женское;;S;8050567055069;9 900;6 930;1;Stefanel
Y066VDF1295.325;Платье женское;;XL;8050567055090;9 900;6 930;1;Stefanel
Y066VDF1295.325;Платье женское;;M;8050567055076;9 900;6 930;1;Stefanel
Y025PDF1295.2325;Брюки женские;Серый;L;2000000147086;12 900;6 450;1;Stefanel
Y025PDF1295.2325;Брюки женские;Серый;L;8050567055984;12 900;6 450;1;Stefanel
Y025PDF1295.2325;Брюки женские;Серый;S;8050567055960;12 900;6 450;3;Stefanel
Y025PDF1295.2325;Брюки женские;Серый;XL;2000000147062;12 900;6 450;2;Stefanel
Y025PDF1295.2325;Брюки женские;Серый;XL;8050567055991;12 900;6 450;2;Stefanel
Y025PDF1295.2325;Брюки женские;Серый;M;2000000147093;12 900;6 450;2;Stefanel
Y025PDF1295.2325;Брюки женские;Серый;M;8050567055977;12 900;6 450;2;Stefanel
Y067VDF1295.439;Платье женское;;L;8050567056288;11 900;5 950;2;Stefanel
Y067VDF1295.439;Платье женское;;XS;8050567056257;11 900;5 950;2;Stefanel
Y067VDF1295.439;Платье женское;;S;8050567056264;11 900;5 950;2;Stefanel
Y067VDF1295.439;Платье женское;;XL;8050567056295;11 900;5 950;1;Stefanel
Y067VDF1295.439;Платье женское;;M;8050567056271;11 900;5 950;2;Stefanel
Y004PD50646.2900;Брюки женские;Черный;36;8050567058251;30 900;15 450;1;Stefanel
Y004PD50646.2900;Брюки женские;Черный;40;8050567058275;30 900;15 450;2;Stefanel
Y004PD50646.2900;Брюки женские;Черный;42;8050567058282;30 900;15 450;1;Stefanel
Y004PD50646.2900;Брюки женские;Черный;44;8050567058299;30 900;15 450;2;Stefanel
Y004PD50646.2900;Брюки женские;Черный;46;8050567058305;30 900;15 450;1;Stefanel
Y004PD50646.2900;Брюки женские;Черный;48;8050567058312;30 900;15 450;1;Stefanel
Y655PD64428.3325;Брюки женские;;42;8050567058466;12 900;6 450;1;Stefanel
Y655PD64428.3325;Брюки женские;;44;8050567058473;12 900;6 450;1;Stefanel
Y655PD64428.3325;Брюки женские;;38;8050567058442;12 900;6 450;2;Stefanel
Y003GDF1287.888;Юбка женская;Синий;L;8050567058725;14 900;7 450;1;Stefanel
Y003GDF1287.888;Юбка женская;Синий;XS;8050567058695;14 900;7 450;1;Stefanel
Y003GDF1287.888;Юбка женская;Синий;S;8050567058701;14 900;7 450;2;Stefanel
Y003GDF1287.888;Юбка женская;Синий;XL;8050567058732;14 900;7 450;1;Stefanel
Y003GDF1287.888;Юбка женская;Синий;M;8050567058718;14 900;7 450;2;Stefanel
Y027TD65656.209;Футболка женская;;L;8050567061237;5 900;2 950;1;Stefanel
Y027TD65656.209;Футболка женская;;XS;8050567061206;5 900;2 950;1;Stefanel
Y027TD65656.209;Футболка женская;;S;8050567061213;5 900;2 950;2;Stefanel
Y027TD65656.209;Футболка женская;;M;8050567061220;5 900;2 950;1;Stefanel
Y032PD71995.209;Брюки женские;;50;8050567062197;9 900;4 950;1;Stefanel
Y032PD71995.209;Брюки женские;;36;8050567062128;9 900;4 950;1;Stefanel
Y032PD71995.209;Брюки женские;;40;8050567062142;9 900;4 950;2;Stefanel
Y032PD71995.209;Брюки женские;;42;8050567062159;9 900;4 950;2;Stefanel
Y032PD71995.209;Брюки женские;;44;8050567062166;9 900;4 950;2;Stefanel
Y032PD71995.209;Брюки женские;;38;8050567062135;9 900;4 950;2;Stefanel
Y032PD71995.209;Брюки женские;;46;8050567062173;9 900;4 950;2;Stefanel
Y032PD71995.209;Брюки женские;;48;8050567062180;9 900;4 950;1;Stefanel
Y622PD71804.325;Брюки женские;;36;8050567063170;9 900;4 950;2;Stefanel
Y622PD71804.325;Брюки женские;;40;8050567063194;9 900;4 950;4;Stefanel
Y622PD71804.325;Брюки женские;;42;8050567063200;9 900;4 950;2;Stefanel
Y622PD71804.325;Брюки женские;;44;8050567063217;9 900;4 950;1;Stefanel
Y622PD71804.325;Брюки женские;;38;8050567063187;9 900;4 950;4;Stefanel
Y622PD71804.325;Брюки женские;;46;8050567063224;9 900;4 950;2;Stefanel
Y622PD71804.325;Брюки женские;;48;8050567063231;9 900;4 950;1;Stefanel
Y622PD71804.439;Брюки женские;;50;8050567063323;9 900;4 950;1;Stefanel
Y622PD71804.439;Брюки женские;;36;8050567063255;9 900;4 950;2;Stefanel
Y622PD71804.439;Брюки женские;;40;8050567063279;9 900;4 950;4;Stefanel
Y622PD71804.439;Брюки женские;;42;8050567063286;9 900;4 950;3;Stefanel
Y622PD71804.439;Брюки женские;;44;8050567063293;9 900;4 950;2;Stefanel
Y622PD71804.439;Брюки женские;;38;8050567063262;9 900;4 950;3;Stefanel
Y622PD71804.439;Брюки женские;;46;8050567063309;9 900;4 950;2;Stefanel
Y622PD71804.439;Брюки женские;;48;8050567063316;9 900;4 950;1;Stefanel
Y066VDF1295.724;Платье женское;;XS;8050567063743;9 900;6 930;1;Stefanel
Y066VDF1295.724;Платье женское;;M;8050567063767;9 900;6 930;3;Stefanel
Y660LDF1295.724;Джемпер женский;;L;8050567063873;8 900;4 450;2;Stefanel
Y660LDF1295.724;Джемпер женский;;M;8050567063866;8 900;4 450;3;Stefanel
Y050LDF1295.2890;Свитер женский;Синий;M;8050567064122;12 900;6 450;1;Stefanel
Y018LDF1295.2724;Джемпер женский;"""";L;8050567064238;12 900;6 450;1;Stefanel
Y018LDF1295.2724;Джемпер женский;"""";XS;8050567064207;12 900;6 450;1;Stefanel
Y013QDF0785.890;Жакет женский;Синий;L;8050567064481;17 900;8 950;2;Stefanel
Y013QDF0785.890;Жакет женский;Синий;XS;8050567064450;17 900;8 950;2;Stefanel
Y013QDF0785.890;Жакет женский;Синий;S;8050567064467;17 900;8 950;2;Stefanel
Y013QDF0785.890;Жакет женский;Синий;M;8050567064474;17 900;8 950;1;Stefanel
Y027TD65656.403;Футболка женская;;XS;8050567065068;5 900;2 950;1;Stefanel
Y027TD65656.403;Футболка женская;;S;8050567065075;5 900;2 950;2;Stefanel
Y027TD65656.403;Футболка женская;;XL;2000000146980;5 900;2 950;1;Stefanel
Y027TD65656.403;Футболка женская;;XL;8050567065105;5 900;2 950;1;Stefanel
Y027TD65656.403;Футболка женская;;M;8050567065082;5 900;2 950;1;Stefanel
Y004GDF1287.50;Юбка женская;Белый;XL;8050567065402;13 900;6 950;1;Stefanel
Y008LDF1287.50;Джемпер женский;Белый;XS;8050567065419;9 900;6 930;1;Stefanel
Y008LDF1287.50;Джемпер женский;Белый;S;8050567065426;9 900;6 930;1;Stefanel
Y008LDF1287.50;Джемпер женский;Белый;XL;8050567065457;9 900;6 930;1;Stefanel
Y009LDF1287.50;Топ женский;Белый;L;8050567065495;8 900;6 230;1;Stefanel
Y009LDF1287.50;Топ женский;Белый;XS;8050567065464;8 900;6 230;1;Stefanel
Y013PDF1287.2050;Брюки женские;Белый;L;8050567065594;12 900;6 450;1;Stefanel
Y013PDF1287.2050;Брюки женские;Белый;XS;8050567065563;12 900;6 450;1;Stefanel
Y013PDF1287.2050;Брюки женские;Белый;S;8050567065570;12 900;6 450;2;Stefanel
Y022LDF1287.50;Свитер женский;Белый;L;8050567065846;12 900;6 450;1;Stefanel
Y022LDF1287.50;Свитер женский;Белый;XS;8050567065815;12 900;6 450;1;Stefanel
Y022LDF1287.50;Свитер женский;Белый;S;8050567065822;12 900;6 450;1;Stefanel
Y068VDF1287.2050;Комбинезон женский;Белый;XL;8050567066256;17 900;8 950;1;Stefanel
Y095LDF1295.50;Джемпер женский;Белый;L;8050567066348;8 900;4 450;1;Stefanel
Y095LDF1295.50;Джемпер женский;Белый;XS;8050567066317;8 900;4 450;1;Stefanel
Y095LDF1295.50;Джемпер женский;Белый;XL;8050567066355;8 900;4 450;1;Stefanel
Y096LDF1287.2050;Джемпер женский;Белый;XS;8050567066416;9 900;4 950;1;Stefanel
Y096LDF1287.2050;Джемпер женский;Белый;M;8050567066430;9 900;4 950;1;Stefanel
Y639PDF1295.50;Брюки женские;Белый;L;8050567066492;9 900;4 950;1;Stefanel
Y639PDF1295.50;Брюки женские;Белый;S;8050567066478;9 900;4 950;1;Stefanel
Y639PDF1295.50;Брюки женские;Белый;M;2000000147161;9 900;4 950;2;Stefanel
Y639PDF1295.50;Брюки женские;Белый;M;8050567066485;9 900;4 950;2;Stefanel
Y660LDF1295.50;Джемпер женский;Белый;L;8050567066546;8 900;6 230;1;Stefanel
Y660LDF1295.50;Джемпер женский;Белый;XS;8050567066515;8 900;6 230;2;Stefanel
Y660LDF1295.50;Джемпер женский;Белый;S;8050567066522;8 900;6 230;1;Stefanel
Y660LDF1295.50;Джемпер женский;Белый;XL;8050567066553;8 900;6 230;1;Stefanel
Y660LDF1295.50;Джемпер женский;Белый;M;8050567066539;8 900;6 230;1;Stefanel
Y027TD65656.439;Футболка женская;;L;2000000146973;5 900;2 950;1;Stefanel
Y027TD65656.439;Футболка женская;;L;8050567067086;5 900;2 950;1;Stefanel
Y027TD65656.439;Футболка женская;;XS;8050567067055;5 900;2 950;1;Stefanel
Y027TD65656.439;Футболка женская;;S;8050567067062;5 900;2 950;2;Stefanel
Y027TD65656.439;Футболка женская;;XL;8050567067093;5 900;2 950;1;Stefanel
Y027TD65656.439;Футболка женская;;M;2000000144078;5 900;2 950;2;Stefanel
Y027TD65656.439;Футболка женская;;M;8050567067079;5 900;2 950;2;Stefanel
Y046LDF1667.439;Джемпер женский;;XS;8050567067895;8 900;4 450;2;Stefanel
Y046LDF1667.439;Джемпер женский;;S;8050567067901;8 900;4 450;3;Stefanel
Y046LDF1667.439;Джемпер женский;;XL;8050567067932;8 900;4 450;1;Stefanel
Y046LDF1667.439;Джемпер женский;;M;8050567067918;8 900;4 450;2;Stefanel
Y647TD65656.439;Футболка женская;;XS;8050567069141;7 900;5 530;2;Stefanel
Y647TD65656.439;Футболка женская;;S;8050567069158;7 900;5 530;2;Stefanel
Y002QDF1275.444;Трикотажное пальто женское;;L;8050567069578;27 900;13 950;1;Stefanel
Y002QDF1275.444;Трикотажное пальто женское;;XS;8050567069547;27 900;13 950;1;Stefanel
Y002QDF1275.444;Трикотажное пальто женское;;XL;8050567069585;27 900;13 950;1;Stefanel
Y014SD71569.325;Пальто женское;;L;8059782986790;24 900;12 450;1;Stefanel
Y014SD71569.325;Пальто женское;;XS;8059782986769;24 900;12 450;1;Stefanel
Y014SD71569.325;Пальто женское;;M;8059782986783;24 900;12 450;3;Stefanel
Y014SD71569.890;Пальто женское;Синий;L;8059782986844;24 900;12 450;1;Stefanel
Y014SD71569.890;Пальто женское;Синий;XS;8059782986813;24 900;12 450;1;Stefanel
Y014SD71569.890;Пальто женское;Синий;S;8059782986820;24 900;12 450;2;Stefanel
Y014SD71569.890;Пальто женское;Синий;XL;8059782986851;24 900;12 450;1;Stefanel
Y014SD71569.890;Пальто женское;Синий;M;8059782986837;24 900;12 450;3;Stefanel
Y015SD71569.325;Куртка женская;;L;8059782986899;20 900;10 450;1;Stefanel
Y015SD71569.325;Куртка женская;;XL;8059782986905;20 900;10 450;1;Stefanel
Y015SD71569.325;Куртка женская;;M;8059782986882;20 900;10 450;2;Stefanel
Y028LDF1287.888;Джемпер женский;Синий;L;8059782987810;9 900;4 950;1;Stefanel
Y028LDF1287.888;Джемпер женский;Синий;XL;8059782987827;9 900;4 950;1;Stefanel
Y029LDF1287.672;Джемпер женский;Зеленый;L;8059782987964;11 900;5 950;3;Stefanel
Y029LDF1287.672;Джемпер женский;Зеленый;XS;8059782987933;11 900;5 950;2;Stefanel
Y029LDF1287.672;Джемпер женский;Зеленый;S;8059782987940;11 900;5 950;2;Stefanel
Y029LDF1287.672;Джемпер женский;Зеленый;XL;8059782987971;11 900;5 950;1;Stefanel
Y029LDF1287.672;Джемпер женский;Зеленый;M;8059782987957;11 900;5 950;1;Stefanel
Y002QDF1275.2049;Трикотажное пальто женское;Белый;XL;8059782988398;27 900;13 950;1;Stefanel
Y003QDF1275.672;Трикотажное пальто женское;Зеленый;XS;8059782988404;27 900;13 950;1;Stefanel
Y003QDF1275.672;Трикотажное пальто женское;Зеленый;S;8059782988411;27 900;13 950;2;Stefanel
Y003QDF1275.672;Трикотажное пальто женское;Зеленый;XL;8059782988442;27 900;13 950;1;Stefanel
Y003QDF1275.672;Трикотажное пальто женское;Зеленый;M;8059782988428;27 900;13 950;2;Stefanel
Y003QDF1275.888;Трикотажное пальто женское;Синий;L;8059782988480;27 900;13 950;1;Stefanel
Y003QDF1275.888;Трикотажное пальто женское;Синий;XS;8059782988459;27 900;13 950;2;Stefanel
Y003QDF1275.888;Трикотажное пальто женское;Синий;S;8059782988466;27 900;13 950;2;Stefanel
Y003QDF1275.888;Трикотажное пальто женское;Синий;XL;8059782988497;27 900;13 950;1;Stefanel
Y003QDF1275.888;Трикотажное пальто женское;Синий;M;8059782988473;27 900;13 950;3;Stefanel
Y004QDF1275.2325;Трикотажное пальто женское;Серый;L;8059782988534;30 900;15 450;1;Stefanel
Y004QDF1275.2325;Трикотажное пальто женское;Серый;XS;8059782988503;30 900;15 450;1;Stefanel
Y004QDF1275.2325;Трикотажное пальто женское;Серый;S;8059782988510;30 900;15 450;2;Stefanel
Y004QDF1275.2325;Трикотажное пальто женское;Серый;M;8059782988527;30 900;15 450;3;Stefanel
Y004QDF1275.2672;Трикотажное пальто женское;Зеленый;L;8059782988589;30 900;15 450;1;Stefanel
Y004QDF1275.2672;Трикотажное пальто женское;Зеленый;XS;8059782988558;30 900;15 450;1;Stefanel
Y004QDF1275.2672;Трикотажное пальто женское;Зеленый;S;8059782988565;30 900;15 450;3;Stefanel
Y004QDF1275.2672;Трикотажное пальто женское;Зеленый;XL;8059782988596;30 900;15 450;1;Stefanel
Y004QDF1275.2672;Трикотажное пальто женское;Зеленый;M;8059782988572;30 900;15 450;3;Stefanel
Y003GDF1287.672;Юбка женская;Зеленый;L;8059782988688;14 900;7 450;2;Stefanel
Y003GDF1287.672;Юбка женская;Зеленый;XS;8059782988657;14 900;7 450;1;Stefanel
Y003GDF1287.672;Юбка женская;Зеленый;S;8059782988664;14 900;7 450;1;Stefanel
Y003GDF1287.672;Юбка женская;Зеленый;XL;8059782988695;14 900;7 450;1;Stefanel
Y003GDF1287.672;Юбка женская;Зеленый;M;8059782988671;14 900;7 450;2;Stefanel
Y010LDF1287.2325;Свитер женский;Серый;L;8059782988787;14 900;7 450;3;Stefanel
Y010LDF1287.2325;Свитер женский;Серый;XL;8059782988794;14 900;7 450;1;Stefanel
Y014LDF1287.890;Джемпер женский;Синий;L;8059782988886;11 900;5 950;1;Stefanel
Y014LDF1287.890;Джемпер женский;Синий;S;8059782988862;11 900;5 950;2;Stefanel
Y014LDF1287.890;Джемпер женский;Синий;M;8059782988879;11 900;5 950;1;Stefanel
Y006TD65750.403;Футболка женская;;L;8059782989135;6 900;3 450;1;Stefanel
Y006TD65750.403;Футболка женская;;XS;8059782989104;6 900;3 450;1;Stefanel
Y006TD65750.403;Футболка женская;;XL;8059782989142;6 900;3 450;1;Stefanel
Y006TD65750.403;Футболка женская;;M;8059782989128;6 900;3 450;2;Stefanel
Y006SD62048.888;Пальто женское;Синий;XS;8059782989463;23 900;11 950;1;Stefanel
Y006SD62048.888;Пальто женское;Синий;S;8059782989470;23 900;11 950;2;Stefanel
Y006SD62048.888;Пальто женское;Синий;XL;8059782989500;23 900;11 950;1;Stefanel
Y010PDF1287.2325;Брюки женские;Серый;L;8059782989593;15 900;7 950;1;Stefanel
Y010PDF1287.2325;Брюки женские;Серый;XL;8059782989609;15 900;7 950;1;Stefanel
Y010PDF1287.2325;Брюки женские;Серый;M;8059782989586;15 900;7 950;2;Stefanel
Y010VDF1287.2888;Платье женское;Синий;L;8059782989647;17 900;8 950;2;Stefanel
Y010VDF1287.2888;Платье женское;Синий;XS;8059782989616;17 900;8 950;2;Stefanel
Y010VDF1287.2888;Платье женское;Синий;S;8059782989623;17 900;8 950;3;Stefanel
Y010VDF1287.2888;Платье женское;Синий;XL;8059782989654;17 900;8 950;1;Stefanel
Y010VDF1287.2888;Платье женское;Синий;M;8059782989630;17 900;8 950;3;Stefanel
Y035LDF1295.2325;Топ женский;Серый;L;8059782989876;15 900;7 950;1;Stefanel
Y035LDF1295.2325;Топ женский;Серый;XL;8059782989883;15 900;7 950;1;Stefanel
Y035LDF1295.2325;Топ женский;Серый;M;8059782989869;15 900;7 950;1;Stefanel
Y001PD73038.888;Брюки женские;Синий;36;8059782991374;9 900;4 950;1;Stefanel
Y001PD73038.888;Брюки женские;Синий;40;8059782991398;9 900;4 950;1;Stefanel
Y001PD73038.888;Брюки женские;Синий;42;8059782991404;9 900;4 950;1;Stefanel
Y001PD73038.888;Брюки женские;Синий;38;8059782991381;9 900;4 950;1;Stefanel
Y001PD73038.888;Брюки женские;Синий;46;8059782991428;9 900;4 950;1;Stefanel
Y005PD73038.672;Брюки женские;Зеленый;36;8059782991619;13 900;6 950;1;Stefanel
Y005PD73038.672;Брюки женские;Зеленый;40;8059782991633;13 900;6 950;2;Stefanel
Y005PD73038.672;Брюки женские;Зеленый;42;8059782991640;13 900;6 950;2;Stefanel
Y005PD73038.672;Брюки женские;Зеленый;44;8059782991657;13 900;6 950;2;Stefanel
Y005PD73038.672;Брюки женские;Зеленый;38;8059782991626;13 900;6 950;2;Stefanel
Y005PD73038.672;Брюки женские;Зеленый;46;8059782991664;13 900;6 950;1;Stefanel
Y005PD73038.672;Брюки женские;Зеленый;48;8059782991671;13 900;6 950;1;Stefanel
Y016VD73042.403;Платье женское;;36;8059782991848;14 900;10 430;1;Stefanel
Y016VD73042.403;Платье женское;;40;8059782991862;14 900;10 430;1;Stefanel
Y016VD73042.403;Платье женское;;38;8059782991855;14 900;10 430;1;Stefanel
Y009PD71875.890;Брюки женские;Синий;46;8059782992029;11 900;5 950;1;Stefanel
Y014PD69611.2890;Брюки женские;Синий;36;8059782992340;12 900;6 450;2;Stefanel
Y014PD69611.2890;Брюки женские;Синий;42;8059782992371;12 900;6 450;1;Stefanel
Y014PD69611.2890;Брюки женские;Синий;44;8059782992388;12 900;6 450;2;Stefanel
Y014PD69611.2890;Брюки женские;Синий;38;8059782992357;12 900;6 450;1;Stefanel
Y014PD69611.2890;Брюки женские;Синий;46;8059782992395;12 900;6 450;1;Stefanel
Y016PD69611.2325;Брюки женские;Серый;36;8059782992425;9 900;4 950;1;Stefanel
Y016PD69611.2325;Брюки женские;Серый;40;8059782992449;9 900;4 950;2;Stefanel
Y016PD69611.2325;Брюки женские;Серый;38;8059782992432;9 900;4 950;2;Stefanel
Y012LDF1651.2890;Кардиган женский;Синий;L;8059782992746;26 900;13 450;1;Stefanel
Y012LDF1651.2890;Кардиган женский;Синий;XL;8059782992753;26 900;13 450;1;Stefanel
Y012LDF1651.2890;Кардиган женский;Синий;M;8059782992739;26 900;13 450;2;Stefanel
Y040LDF1240.3444;Джемпер женский;;XS;8059782993361;12 900;6 450;2;Stefanel
Y040LDF1240.3444;Джемпер женский;;S;8059782993378;12 900;6 450;3;Stefanel
Y040LDF1240.3444;Джемпер женский;;M;8059782993385;12 900;6 450;3;Stefanel
Y017VD69611.2890;Платье женское;Синий;36;8059782994993;13 900;6 950;1;Stefanel
Y017VD69611.2890;Платье женское;Синий;40;8059782995013;13 900;6 950;1;Stefanel
Y017VD69611.2890;Платье женское;Синий;46;8059782995044;13 900;6 950;1;Stefanel
Y013CD73040.49;Блуза женская;Белый;M;2000000143743;8 900;4 450;1;Stefanel
Y013CD73040.49;Блуза женская;Белый;M;8059782995969;8 900;4 450;1;Stefanel
Y090LDF1669.2325;Свитер женский;Серый;L;8059782996225;27 900;13 950;1;Stefanel
Y090LDF1669.2325;Свитер женский;Серый;S;8059782996201;27 900;13 950;2;Stefanel
Y090LDF1669.2325;Свитер женский;Серый;XL;8059782996232;27 900;13 950;1;Stefanel
Y090LDF1669.2325;Свитер женский;Серый;M;8059782996218;27 900;13 950;1;Stefanel
Y001EDF1275.325;Кейп женский;;UN.;8059782999035;24 900;12 450;3;Stefanel
Y044VD73047.890;Платье женское;Синий;36;8059782999042;12 900;6 450;1;Stefanel
Y044VD73047.890;Платье женское;Синий;40;8059782999066;12 900;6 450;2;Stefanel
Y044VD73047.890;Платье женское;Синий;42;8059782999073;12 900;6 450;2;Stefanel
Y044VD73047.890;Платье женское;Синий;44;8059782999080;12 900;6 450;1;Stefanel
Y044VD73047.890;Платье женское;Синий;38;8059782999059;12 900;6 450;1;Stefanel
Y044VD73047.890;Платье женское;Синий;46;8059782999097;12 900;6 450;1;Stefanel
Y044VD73047.890;Платье женское;Синий;48;8059782999103;12 900;6 450;1;Stefanel
Y033PD73047.890;Брюки женские;Синий;36;8059782999493;9 900;4 950;1;Stefanel
Y033PD73047.890;Брюки женские;Синий;38;8059782999509;9 900;4 950;1;Stefanel
Y033PD73047.890;Брюки женские;Синий;48;8059782999554;9 900;4 950;1;Stefanel
Y015PD64428.3325;Шорты женские;"""";36;8059782999899;11 900;5 950;1;Stefanel
Y015PD64428.3325;Шорты женские;"""";40;8059782999912;11 900;5 950;2;Stefanel
Y015PD64428.3325;Шорты женские;"""";42;8059782999929;11 900;5 950;2;Stefanel
Y015PD64428.3325;Шорты женские;"""";44;8059782999936;11 900;5 950;1;Stefanel
Y015PD64428.3325;Шорты женские;"""";38;8059782999905;11 900;5 950;1;Stefanel
Y115LDF1302.50;Кардиган женский;Белый;XS;8050567075555;14 900;7 450;1;Stefanel
Y115LDF1302.50;Кардиган женский;Белый;S;2000000147017;14 900;7 450;1;Stefanel
Y115LDF1302.50;Кардиган женский;Белый;S;8050567075562;14 900;7 450;1;Stefanel
Y115LDF1302.50;Кардиган женский;Белый;M;8050567075579;14 900;7 450;1;Stefanel
Y115LDF1302.439;Кардиган женский;;XS;8050567075609;14 900;10 430;1;Stefanel
Y115LDF1302.439;Кардиган женский;;M;8050567075623;14 900;10 430;1;Stefanel
Y115LDF1302.888;Кардиган женский;Синий;XS;8050567075654;14 900;7 450;1;Stefanel
Y115LDF1302.888;Кардиган женский;Синий;S;8050567075661;14 900;7 450;2;Stefanel
Y115LDF1302.888;Кардиган женский;Синий;M;8050567075678;14 900;7 450;1;Stefanel
Y114LDF0785.725;Кардиган женский;Голубой;L;8050567075531;22 900;11 450;2;Stefanel
Y114LDF0785.725;Кардиган женский;Голубой;XS;8050567075500;22 900;11 450;2;Stefanel
Y114LDF0785.725;Кардиган женский;Голубой;S;8050567075517;22 900;11 450;4;Stefanel
Y114LDF0785.725;Кардиган женский;Голубой;XL;8050567075548;22 900;11 450;1;Stefanel
Y114LDF0785.725;Кардиган женский;Голубой;M;8050567075524;22 900;11 450;3;Stefanel
Y114LDF0785.234;Кардиган женский;;L;8050567075432;22 900;11 450;2;Stefanel
Y114LDF0785.234;Кардиган женский;;XS;8050567075401;22 900;11 450;1;Stefanel
Y114LDF0785.234;Кардиган женский;;S;8050567075418;22 900;11 450;2;Stefanel
Y114LDF0785.234;Кардиган женский;;XL;8050567075449;22 900;11 450;1;Stefanel
Y114LDF0785.234;Кардиган женский;;M;8050567075425;22 900;11 450;2;Stefanel
Y113LDF1287.2672;Джемпер женский;Зеленый;L;8050567075739;18 900;9 450;1;Stefanel
Y113LDF1287.2672;Джемпер женский;Зеленый;XS;8050567075708;18 900;9 450;1;Stefanel
Y113LDF1287.2672;Джемпер женский;Зеленый;M;8050567075722;18 900;9 450;1;Stefanel
Y113LDF1287.49;Джемпер женский;Белый;L;8050567075081;18 900;9 450;2;Stefanel
Y113LDF1287.49;Джемпер женский;Белый;XS;8050567075050;18 900;9 450;1;Stefanel
Y112LDF1275.49;Свитер женский;Белый;L;8050567075333;15 900;7 950;1;Stefanel
Y112LDF1275.49;Свитер женский;Белый;XS;8050567075302;15 900;7 950;2;Stefanel
Y112LDF1275.49;Свитер женский;Белый;S;8050567075319;15 900;7 950;2;Stefanel
Y112LDF1275.49;Свитер женский;Белый;XL;8050567075340;15 900;7 950;1;Stefanel
Y112LDF1275.49;Свитер женский;Белый;M;8050567075326;15 900;7 950;3;Stefanel
Y112LDF1275.672;Свитер женский;Зеленый;L;8050567075388;15 900;7 950;1;Stefanel
Y112LDF1275.672;Свитер женский;Зеленый;XS;8050567075357;15 900;7 950;1;Stefanel
Y112LDF1275.672;Свитер женский;Зеленый;S;8050567075364;15 900;7 950;1;Stefanel
Y112LDF1275.672;Свитер женский;Зеленый;XL;8050567075395;15 900;7 950;1;Stefanel
Y112LDF1275.672;Свитер женский;Зеленый;M;8050567075371;15 900;7 950;3;Stefanel
Y072VDF1275.444;Платье женское;;L;8050567074985;19 900;9 950;1;Stefanel
Y072VDF1275.444;Платье женское;;XS;8050567074954;19 900;9 950;1;Stefanel
Y072VDF1275.444;Платье женское;;S;8050567074961;19 900;9 950;2;Stefanel
Y072VDF1275.444;Платье женское;;XL;8050567074992;19 900;9 950;1;Stefanel
Y072VDF1275.444;Платье женское;;M;8050567074978;19 900;9 950;2;Stefanel
Y072VDF1275.890;Платье женское;Синий;L;8050567075036;19 900;9 950;1;Stefanel
Y072VDF1275.890;Платье женское;Синий;XS;8050567075005;19 900;9 950;1;Stefanel
Y016GDF1275.49;Юбка женская;Белый;L;8050567075784;13 900;6 950;1;Stefanel
Y016GDF1275.49;Юбка женская;Белый;XS;8050567075753;13 900;6 950;2;Stefanel
Y016GDF1275.49;Юбка женская;Белый;S;8050567075760;13 900;6 950;2;Stefanel
Y016GDF1275.49;Юбка женская;Белый;XL;8050567075791;13 900;6 950;1;Stefanel
Y016GDF1275.49;Юбка женская;Белый;M;8050567075777;13 900;6 950;2;Stefanel
Y016GDF1275.444;Юбка женская;;L;8050567075838;13 900;6 950;1;Stefanel
Y016GDF1275.444;Юбка женская;;XS;8050567075807;13 900;6 950;2;Stefanel
Y016GDF1275.444;Юбка женская;;S;8050567075814;13 900;6 950;4;Stefanel
Y016GDF1275.444;Юбка женская;;XL;8050567075845;13 900;6 950;1;Stefanel
Y016GDF1275.444;Юбка женская;;M;8050567075821;13 900;6 950;2;Stefanel
Y016GDF1275.672;Юбка женская;Зеленый;L;8050567074886;13 900;6 950;1;Stefanel
Y016GDF1275.672;Юбка женская;Зеленый;M;8050567074879;13 900;6 950;1;Stefanel
Y016GDF1275.890;Юбка женская;Синий;L;8050567074930;13 900;6 950;1;Stefanel
Y016GDF1275.890;Юбка женская;Синий;S;8050567074916;13 900;6 950;3;Stefanel
Y016GDF1275.890;Юбка женская;Синий;M;8050567074923;13 900;6 950;1;Stefanel
Y118LDF1295.724;Кардиган женский;;XS;8050567081013;14 900;7 450;2;Stefanel
Y118LDF1295.439;Кардиган женский;;L;8050567080993;14 900;7 450;1;Stefanel
Y118LDF1295.439;Кардиган женский;;XS;8050567080962;14 900;7 450;1;Stefanel
Y118LDF1295.439;Кардиган женский;;S;8050567080979;14 900;7 450;2;Stefanel
Y118LDF1295.439;Кардиган женский;;XL;8050567081006;14 900;7 450;1;Stefanel
Y118LDF1295.890;Кардиган женский;Синий;L;8050567081099;14 900;10 430;1;Stefanel
Y118LDF1295.890;Кардиган женский;Синий;S;8050567081075;14 900;10 430;1;Stefanel
Y118LDF1295.325;Кардиган женский;;XL;8050567080955;14 900;7 450;2;Stefanel
Y117LDF1296.890;Топ женский;Синий;S;8050567080771;6 900;4 830;1;Stefanel
Y110LDF1296.890;Джемпер женский;Синий;XS;8050567080269;9 900;4 950;1;Stefanel
Y110LDF1296.50;Джемпер женский;Белый;L;8050567080146;9 900;4 950;1;Stefanel
Y110LDF1296.50;Джемпер женский;Белый;XS;8050567080115;9 900;4 950;2;Stefanel
Y110LDF1296.50;Джемпер женский;Белый;S;8050567080122;9 900;4 950;2;Stefanel
Y110LDF1296.50;Джемпер женский;Белый;M;8050567080139;9 900;4 950;1;Stefanel
Y108LDF1296.890;Джемпер женский;Синий;XS;8050567077764;9 900;4 950;1;Stefanel
Y105LDF1295.325;Кардиган женский;;S;8050567079270;13 900;6 950;1;Stefanel
Y105LDF1295.724;Кардиган женский;;M;8050567079386;13 900;6 950;1;Stefanel
Y071VDF1295.724;Платье женское;;XS;8050567078518;12 900;6 450;1;Stefanel
Y071VDF1295.724;Платье женское;;XL;8050567078556;12 900;6 450;1;Stefanel
Y071VDF1295.724;Платье женское;;M;8050567078532;12 900;6 450;1;Stefanel
Y071VDF1295.50;Платье женское;Белый;L;8050567077160;12 900;6 450;2;Stefanel
Y071VDF1295.50;Платье женское;Белый;XS;8050567077139;12 900;6 450;2;Stefanel
Y071VDF1295.50;Платье женское;Белый;S;8050567077146;12 900;6 450;2;Stefanel
Y071VDF1295.50;Платье женское;Белый;XL;8050567077177;12 900;6 450;1;Stefanel
Y071VDF1295.50;Платье женское;Белый;M;8050567077153;12 900;6 450;2;Stefanel
Y071VDF1295.439;Платье женское;;L;8050567078495;12 900;6 450;1;Stefanel
Y071VDF1295.439;Платье женское;;XS;8050567078464;12 900;6 450;1;Stefanel
Y071VDF1295.439;Платье женское;;S;8050567078471;12 900;6 450;2;Stefanel
Y071VDF1295.439;Платье женское;;XL;8050567078501;12 900;6 450;1;Stefanel
Y071VDF1295.439;Платье женское;;M;8050567078488;12 900;6 450;1;Stefanel
Y071VDF1295.325;Платье женское;;L;8050567078440;12 900;6 450;1;Stefanel
Y071VDF1295.325;Платье женское;;XS;8050567078419;12 900;6 450;1;Stefanel
Y071VDF1295.325;Платье женское;;S;8050567078426;12 900;6 450;2;Stefanel
Y071VDF1295.325;Платье женское;;XL;8050567078457;12 900;6 450;1;Stefanel
Y071VDF1295.325;Платье женское;;M;8050567078433;12 900;6 450;1;Stefanel
Сменный картридж Affair;Сменный картридж Star(для дома и автомобиля) Affair;"""";UN.;2000000098791;0;0;2;Stefanel
Y056CD73047.50;Блуза женская;Белый;L;8050567119204;0;0;1;Stefanel
Y056CD73047.50;Блуза женская;Белый;XS;8050567119174;0;0;1;Stefanel
Y056CD73047.50;Блуза женская;Белый;S;8050567119181;0;0;3;Stefanel
Y056CD73047.50;Блуза женская;Белый;M;8050567119198;0;0;1;Stefanel
Y056CD73047.890;Блуза женская;Синий;XS;8050567119228;0;0;2;Stefanel
Y056CD73047.890;Блуза женская;Синий;S;8050567119235;0;0;3;Stefanel
Y056CD73047.890;Блуза женская;Синий;XL;8050567119266;0;0;1;Stefanel
Y056CD73047.890;Блуза женская;Синий;M;8050567119242;0;0;2;Stefanel
Y045CD64436.2055;Блуза женская;"""";XS;8050567086698;11 900;5 950;3;Stefanel
Y045CD64436.2055;Блуза женская;"""";S;8050567086704;11 900;5 950;1;Stefanel
Y045CD64436.2055;Блуза женская;"""";M;8050567086711;11 900;5 950;1;Stefanel
Y046CD64436.2055;Блуза женская;"""";L;8050567086971;7 900;3 950;1;Stefanel
Y046CD64436.2055;Блуза женская;"""";XS;8050567086940;7 900;3 950;2;Stefanel
Y046CD64436.2055;Блуза женская;"""";S;8050567086957;7 900;3 950;1;Stefanel
Y046CD64436.2055;Блуза женская;"""";XL;8050567086988;7 900;3 950;1;Stefanel
Y046CD64436.2055;Блуза женская;"""";M;8050567086964;7 900;3 950;1;Stefanel
Y082VD73084.687;Платье женское;"""";40;8050567088098;9 900;4 950;1;Stefanel
Y082VD73084.687;Платье женское;"""";44;8050567088111;9 900;4 950;1;Stefanel
Y082VD73084.687;Платье женское;"""";46;8050567088128;9 900;4 950;1;Stefanel
Y082VD73084.687;Платье женское;"""";48;8050567088135;9 900;4 950;1;Stefanel
Y089VD73084.55;Платье женское;"""";46;8050567088449;13 900;6 950;1;Stefanel
Y089VD73084.55;Платье женское;"""";48;8050567088456;13 900;6 950;1;Stefanel
Y089VD73084.687;Платье женское;"""";44;8050567088517;13 900;9 730;2;Stefanel
Y089VD73084.687;Платье женское;"""";48;8050567088531;13 900;9 730;1;Stefanel
Y036TD73092.55;Футболка женская;"""";L;8050567089132;5 900;2 950;1;Stefanel
Y036TD73092.55;Футболка женская;"""";XS;8050567089101;5 900;2 950;2;Stefanel
Y036TD73092.55;Футболка женская;"""";S;8050567089118;5 900;2 950;2;Stefanel
Y036TD73092.55;Футболка женская;"""";XL;8050567089149;5 900;2 950;1;Stefanel
Y036TD73092.55;Футболка женская;"""";M;8050567089125;5 900;2 950;2;Stefanel
Y036TD73092.687;Футболка женская;"""";XS;8050567089156;5 900;2 950;2;Stefanel
Y040TD73091.449;Топ женский;"""";L;8050567089286;3 900;1 950;1;Stefanel
Y040TD73091.449;Топ женский;"""";XS;8050567089255;3 900;1 950;1;Stefanel
Y040TD73091.449;Топ женский;"""";S;8050567089262;3 900;1 950;1;Stefanel
Y040TD73091.449;Топ женский;"""";XL;8050567089293;3 900;1 950;1;Stefanel
Y040TD73091.449;Топ женский;"""";M;8050567089279;3 900;1 950;2;Stefanel
Y040TD73091.687;Топ женский;"""";L;8050567089330;3 900;1 950;1;Stefanel
Y040TD73091.687;Топ женский;"""";XL;8050567089347;3 900;1 950;1;Stefanel
Y042TD73091.55;Футболка женская;"""";L;8050567089583;4 900;3 430;2;Stefanel
Y042TD73091.55;Футболка женская;"""";XS;8050567089552;4 900;3 430;2;Stefanel
Y042TD73091.55;Футболка женская;"""";S;8050567089569;4 900;3 430;3;Stefanel
Y042TD73091.55;Футболка женская;"""";XL;8050567089590;4 900;3 430;1;Stefanel
Y042TD73091.55;Футболка женская;"""";M;8050567089576;4 900;3 430;3;Stefanel
Y082VD73084.55;Платье женское;"""";36;8050567093733;9 900;4 950;1;Stefanel
Y082VD73084.55;Платье женское;"""";44;8050567093771;9 900;4 950;2;Stefanel
Y082VD73084.55;Платье женское;"""";46;8050567093788;9 900;4 950;2;Stefanel
Y082VD73084.55;Платье женское;"""";48;8050567093795;9 900;4 950;2;Stefanel
BS6435/19PEMLY.carne;Сумка женская;"""";UN.;2000000143781;14 900;11 920;2;Gianni Chiarini
BS6435/19PEMLY.carne;Сумка женская;"""";UN.;2000000144146;14 900;11 920;2;Gianni Chiarini
BS6435/19PEMLY.carne;Сумка женская;"""";UN.;4337204183007;14 900;11 920;2;Gianni Chiarini
BS6435/19PEMLY.emerald;Сумка женская;"""";UN.;2000000143798;14 900;11 920;1;Gianni Chiarini
BS6435/19PEMLY.emerald;Сумка женская;"""";UN.;2000000144153;14 900;11 920;1;Gianni Chiarini
BS6435/19PEMLY.emerald;Сумка женская;"""";UN.;3712204183003;14 900;11 920;1;Gianni Chiarini
BS6495/19PEOLX.phard;Сумка женская;"""";UN.;2000000143804;15 900;12 720;1;Gianni Chiarini
BS6495/19PEOLX.phard;Сумка женская;"""";UN.;2000000144160;15 900;12 720;1;Gianni Chiarini
BS6495/19PEOLX.phard;Сумка женская;"""";UN.;4312203308002;15 900;12 720;1;Gianni Chiarini
BS6541/19PEFRZEC.cloud;Сумка женская;"""";UN.;2000000143811;13 900;11 120;1;Gianni Chiarini
BS6541/19PEFRZEC.cloud;Сумка женская;"""";UN.;2000000144177;13 900;11 120;1;Gianni Chiarini
BS6541/19PEFRZEC.cloud;Сумка женская;"""";UN.;8328204429000;13 900;11 120;1;Gianni Chiarini
BS6635/19PECM.nuage;Сумка женская;"""";UN.;1020720373207;8 900;7 120;2;Gianni Chiarini
BS6635/19PECM.nuage;Сумка женская;"""";UN.;2000000143828;8 900;7 120;2;Gianni Chiarini
BS6635/19PECM.nuage;Сумка женская;"""";UN.;2000000144184;8 900;7 120;2;Gianni Chiarini
BS6635/19PECM.sky;Сумка женская;"""";UN.;2000000143835;8 900;7 120;2;Gianni Chiarini
BS6635/19PECM.sky;Сумка женская;"""";UN.;2000000144191;8 900;7 120;2;Gianni Chiarini
BS6635/19PECM.sky;Сумка женская;"""";UN.;3615203732008;8 900;7 120;2;Gianni Chiarini
BS6665MLY.carne;Сумка женская;"""";UN.;2000000143842;22 900;18 320;2;Gianni Chiarini
BS6665MLY.carne;Сумка женская;"""";UN.;2000000144207;22 900;18 320;2;Gianni Chiarini
BS6665MLY.carne;Сумка женская;"""";UN.;4337204022009;22 900;18 320;2;Gianni Chiarini
BS6786LTS.marble;Сумка женская;"""";UN.;2000000143866;22 900;18 320;2;Gianni Chiarini
BS6786LTS.marble;Сумка женская;"""";UN.;2000000144214;22 900;18 320;2;Gianni Chiarini
BS6786LTS.marble;Сумка женская;"""";UN.;3890204163000;22 900;18 320;2;Gianni Chiarini
BS6971OLX.betacarrot;Сумка женская;"""";UN.;1013720448105;12 900;10 320;1;Gianni Chiarini
BS6971OLX.phard;Сумка женская;"""";UN.;4312204481001;12 900;10 320;1;Gianni Chiarini
BS6975RMN/RE.carne;Сумка женская;"""";UN.;2000000143903;20 900;16 720;2;Gianni Chiarini
BS6975RMN/RE.carne;Сумка женская;"""";UN.;2000000144252;20 900;16 720;2;Gianni Chiarini
BS6975RMN/RE.carne;Сумка женская;"""";UN.;4337204049006;20 900;16 720;2;Gianni Chiarini
BS6985CMP/RES.ciclamino;Сумка женская;"""";UN.;2000000143910;13 900;11 120;1;Gianni Chiarini
BS6985CMP/RES.ciclamino;Сумка женская;"""";UN.;2000000144269;13 900;11 120;1;Gianni Chiarini
BS6985CMP/RES.ciclamino;Сумка женская;"""";UN.;7450204205009;13 900;11 120;1;Gianni Chiarini
BS6985CMP/RES.klein blue;Сумка женская;"""";UN.;1014720420504;13 900;11 120;1;Gianni Chiarini
BS6985CMP/RES.klein blue;Сумка женская;"""";UN.;2000000143927;13 900;11 120;1;Gianni Chiarini
BS6985CMP/RES.klein blue;Сумка женская;"""";UN.;2000000144276;13 900;11 120;1;Gianni Chiarini
BS7010LTS.marble;Сумка женская;"""";UN.;2000000143941;7 900;6 320;2;Gianni Chiarini
BS7010LTS.marble;Сумка женская;"""";UN.;2000000144290;7 900;6 320;2;Gianni Chiarini
BS7010LTS.marble;Сумка женская;"""";UN.;3890204073002;7 900;6 320;2;Gianni Chiarini
BS7045CM.ciclamino;Сумка женская;"""";UN.;7450204865005;11 900;9 520;2;Gianni Chiarini
BS7045CM.nuage;Сумка женская;"""";UN.;1020720486501;11 900;9 520;2;Gianni Chiarini
BS7046CM.perla;Сумка женская;"""";UN.;1007204866004;14 900;11 920;1;Gianni Chiarini
BS7046CM.perla;Сумка женская;"""";UN.;2000000144320;14 900;11 920;1;Gianni Chiarini
BS7046CM.sky;Сумка женская;"""";UN.;3615204866009;14 900;11 920;2;Gianni Chiarini
ZN9230/19PEFRZEC.cloud;Рюкзак женский;"""";UN.;2000000143774;14 900;11 920;2;Gianni Chiarini
ZN9230/19PEFRZEC.cloud;Рюкзак женский;"""";UN.;2000000144122;14 900;11 920;2;Gianni Chiarini
ZN9230/19PEFRZEC.cloud;Рюкзак женский;"""";UN.;8328204447004;14 900;11 920;2;Gianni Chiarini
ZN9230/19PEFRZEC.marble;Рюкзак женский;"""";UN.;2000000143729;14 900;11 920;2;Gianni Chiarini
ZN9230/19PEFRZEC.marble;Рюкзак женский;"""";UN.;2000000144139;14 900;11 920;2;Gianni Chiarini
ZN9230/19PEFRZEC.marble;Рюкзак женский;"""";UN.;3890204447001;14 900;11 920;2;Gianni Chiarini
Y021GD73071.687;Юбка женская;Зеленый;36;8050567084786;9 900;4 950;1;Stefanel
Y021GD73071.687;Юбка женская;Зеленый;40;8050567084809;9 900;4 950;1;Stefanel
Y021GD73071.687;Юбка женская;Зеленый;42;8050567084816;9 900;4 950;2;Stefanel
Y021GD73071.687;Юбка женская;Зеленый;38;8050567084793;9 900;4 950;2;Stefanel
Y041CD69632.880;Блуза женская;Синий;XL;8050567085059;8 900;4 450;1;Stefanel
Y041CD73071.407;Блуза женская;;XS;8050567085066;8 900;4 450;1;Stefanel
Y041CD73071.407;Блуза женская;;S;8050567085073;8 900;4 450;3;Stefanel
Y041CD73071.407;Блуза женская;;XL;8050567085103;8 900;4 450;1;Stefanel
Y041CD73071.407;Блуза женская;;M;8050567085080;8 900;4 450;3;Stefanel
Y041CD73071.687;Блуза женская;Зеленый;L;8050567085196;8 900;4 450;3;Stefanel
Y041CD73071.687;Блуза женская;Зеленый;XS;2000000147154;8 900;4 450;1;Stefanel
Y041CD73071.687;Блуза женская;Зеленый;XS;8050567085165;8 900;4 450;1;Stefanel
Y041CD73071.687;Блуза женская;Зеленый;S;2000000148700;8 900;4 450;2;Stefanel
Y041CD73071.687;Блуза женская;Зеленый;S;2000000148793;8 900;4 450;2;Stefanel
Y041CD73071.687;Блуза женская;Зеленый;S;8050567085172;8 900;4 450;2;Stefanel
Y041CD73071.687;Блуза женская;Зеленый;XL;8050567085202;8 900;4 450;1;Stefanel
Y041CD73071.687;Блуза женская;Зеленый;M;8050567085189;8 900;4 450;3;Stefanel
Y052PD73071.407;Брюки женские;;XS;8050567085455;9 900;4 950;1;Stefanel
Y052PD73071.407;Брюки женские;;S;8050567085462;9 900;4 950;4;Stefanel
Y052PD73071.407;Брюки женские;;XL;8050567085493;9 900;4 950;1;Stefanel
Y052PD73071.407;Брюки женские;;M;8050567085479;9 900;4 950;4;Stefanel
Y047CD64437.3900;Блуза женская;Черный;L;2000000147215;11 900;5 950;1;Stefanel
Y047CD64437.3900;Блуза женская;Черный;L;8050567087602;11 900;5 950;1;Stefanel
Y047CD64437.3900;Блуза женская;Черный;XS;8050567087572;11 900;5 950;2;Stefanel
Y047CD64437.3900;Блуза женская;Черный;S;8050567087589;11 900;5 950;3;Stefanel
Y047CD64437.3900;Блуза женская;Черный;XL;8050567087619;11 900;5 950;1;Stefanel
Y047CD64437.3900;Блуза женская;Черный;M;8050567087596;11 900;5 950;2;Stefanel
Y048CD64437.3900;Топ женский;Черный;XS;8050567087626;8 900;4 450;1;Stefanel
Y042TD73091.880;Футболка женская;Синий;L;8050567089682;4 900;2 450;2;Stefanel
Y042TD73091.880;Футболка женская;Синий;S;8050567089668;4 900;2 450;3;Stefanel
Y042TD73091.880;Футболка женская;Синий;XL;8050567089699;4 900;2 450;1;Stefanel
Y042TD73091.880;Футболка женская;Синий;M;8050567089675;4 900;2 450;2;Stefanel
Y042CD73072.900;Блуза женская;Черный;S;8050567093412;6 900;3 450;1;Stefanel
Y045CD73072.242;Блуза женская;Бежевый;L;8050567093580;9 900;4 950;2;Stefanel
Y045CD73072.242;Блуза женская;Бежевый;XS;8050567093559;9 900;4 950;1;Stefanel
Y045CD73072.242;Блуза женская;Бежевый;XL;8050567093597;9 900;4 950;1;Stefanel
Y045CD73072.900;Блуза женская;Черный;M;8050567093627;9 900;4 950;1;Stefanel
Y052PD69632.880;Брюки женские;Синий;S;8050567096598;9 900;4 950;4;Stefanel
Y052PD69632.880;Брюки женские;Синий;XL;8050567096628;9 900;4 950;1;Stefanel
Y052PD69632.880;Брюки женские;Синий;M;8050567096604;9 900;4 950;2;Stefanel
PD009DT0000.2900;Сапоги женские;Черный;40;8059782210253;0;0;1;Stefanel
PD009DT0000.2900;Сапоги женские;Черный;39;8059782210246;0;0;2;Stefanel
